

GEOMETRY DEFINITION


NODES ID, X, Y, Z

1 -9.0 -6.0 0.0
2 -9.0 -6.0 3.0
3 -9.0 -6.0 6.0
4 -9.0 0.0 0.0
5 -9.0 0.0 3.0
6 -9.0 0.0 6.0
7 -9.0 6.0 0.0
8 -9.0 6.0 3.0
9 -9.0 6.0 6.0
10 -3.0 -6.0 0.0
11 -3.0 -6.0 3.0
12 -3.0 -6.0 6.0
13 -3.0 0.0 0.0
14 -3.0 0.0 3.0
15 -3.0 0.0 6.0
16 -3.0 6.0 0.0
17 -3.0 6.0 3.0
18 -3.0 6.0 6.0
19 3.0 -6.0 0.0
20 3.0 -6.0 3.0
21 3.0 -6.0 6.0
22 3.0 0.0 0.0
23 3.0 0.0 3.0
24 3.0 0.0 6.0
25 3.0 6.0 0.0
26 3.0 6.0 3.0
27 3.0 6.0 6.0
28 9.0 -6.0 0.0
29 9.0 -6.0 3.0
30 9.0 -6.0 6.0
31 9.0 0.0 0.0
32 9.0 0.0 3.0
33 9.0 0.0 6.0
34 9.0 6.0 0.0
35 9.0 6.0 3.0
36 9.0 6.0 6.0



LINES NODE 1 - NODE 2

58
1 2
2 3
4 5
5 6
7 8
8 9
10 11
11 12
13 14
14 15
16 17
17 18
19 20
20 21
22 23
23 24
25 26
26 27
28 29
29 30
31 32
32 33
34 35
35 36
2 11
3 12
11 20
12 21
20 29
21 30
5 14
6 15
14 23
15 24
23 32
24 33
8 17
9 18
17 26
18 27
26 35
27 36
2 5
3 6
5 8
6 9
11 14
12 15
14 17
15 18
20 23
21 24
23 26
24 27
29 32
30 33
32 35
33 36


SENSORS [ID, DIR (1-x, 2-y, 3-z)]
12 1 0 0
12 0 1 0
15 0 1 0
21 0 1 0
24 0 1 0
30 1 0 0
33 1 0 0



COLOR PLANE

0

