

GEOMETRY DEFINITION


NODES ID, X, Y, Z

1 18.65 0.0 0.0
2 18.65 2.5 0.0
3 -0.0 2.5 0.0
4 -0.0 0.0 0.0
5 5.75 2.5 0.0
6 5.75 0.0 0.0
7 12.9 2.5 0.0
8 12.9 0.0 0.0
9 1.5 0.0 0.0
10 4.25 0.0 0.0
11 7.45 0.0 0.0
12 11.2 0.0 0.0
13 9.325 0.0 0.0
14 14.4 0.0 0.0
15 17.15 0.0 0.0
16 2.875 2.5 0.0
17 9.325 2.5 0.0
18 15.775 2.5 0.0



LINES NODE 1 - NODE 2

20
1 2
3 4
5 6
7 8
4 9
9 10
10 6
6 11
8 12
11 13
13 12
8 14
14 15
15 1
3 16
16 5
5 17
17 7
7 18
18 2


SENSORS [ID, DIR (1-x, 2-y, 3-z)]
9 0 -1 0
9 1 0 0
9 0 0 1
10 0 -1 0
10 1 0 0
10 0 0 1
11 0 -1 0
11 1 0 0
11 0 0 1
13 0 -1 0
13 1 0 0
13 0 0 1
12 0 -1 0
12 1 0 0
12 0 0 1
14 0 -1 0
14 1 0 0
14 0 0 1
15 0 -1 0
15 1 0 0
15 0 0 1
18 0 -1 0
18 1 0 0
18 0 0 1
17 0 -1 0
17 1 0 0
17 0 0 1
16 0 -1 0
16 1 0 0
16 0 0 1



COLOR PLANE

0

